462.761
463.617
461.381
463.956
464.251
459.937
464.223
464.273
464.28
459.923
463.595
464.288
464.288
464.28
464.316
464.201
464.259
464.302
464.295
463.667
464.259
464.288
464.295
464.288
464.28
464.288
464.288
463.624
463.638
464.28
464.28
464.302
464.316
464.288
464.295
464.309
463.667
464.252
464.266
464.266
464.28
464.302
464.266
464.273
464.28
463.638
464.288
464.28
464.295
464.295
464.295
459.852
464.295
464.302
463.631
464.23
464.266
464.295
464.309
464.309
464.273
464.28
464.295
463.638
464.259
464.273
464.28
464.273
464.273
464.28
464.28
463.682
464.309
464.28
464.302
464.295
464.309
464.309
464.252
464.309
461.288
464.237
464.266
464.28
464.273
464.273
464.266
464.309
464.295
463.638
464.252
464.273
464.266
464.28
464.273
464.28
464.288
464.28
463.653
