244.259
245.261
246.189
245.1
245.293
246.676
245.922
244.491
244.331
246.611
246.644
232.559
245.22
246.685
246.668
245.317
245.14
246.676
246.676
245.244
245.317
245.244
246.668
245.301
245.204
245.301
452.056
448.719
452.084
452.056
448.719
452.084
452.084
448.8
452.029
452.084
448.692
452.056
452.029
448.665
452.001
452.002
448.719
452.056
452.029
448.692
452.056
452.056
448.719
452.001
452.057
452.056
452.056
452.057
452.056
426.186
452.029
452.056
448.504
452.084
452.056
448.531
452.056
452.029
448.477
452.057
452.084
448.531
452.084
452.056
447.672
452.084
452.084
448.531
452.084
452.084
448.531
452.056
452.056
452.057
452.084
452.057
452.029
448.719
452.084
452.138
448.692
452.084
452.029
448.719
452.056
452.084
431.524
452.002
452.056
448.665
452.084
452.057
448.692
