243.757
246.574
240.91
246.834
246.866
246.122
449.945
451.785
451.894
451.894
452.329
451.785
451.787
447.691
451.787
451.785
451.785
449.837
446.096
450.917
451.025
449.73
450.81
450.484
451.243
450.268
451.676
451.894
451.569
451.678
451.787
451.785
451.894
447.691
451.894
451.894
451.894
451.894
451.896
427.895
451.785
451.896
452.003
451.787
451.894
451.894
451.676
451.785
451.785
438.182
447.692
451.787
451.894
451.894
452.22
451.894
452.003
452.003
451.785
451.894
447.691
451.678
451.787
451.785
452.112
451.785
438.079
451.787
451.894
352.388
451.46
451.896
451.676
35.0945
447.905
449.299
426.533
286.198
446.628
451.569
435.64
451.678
451.894
451.785
451.894
451.894
451.785
451.787
451.894
451.894
426.048
447.798
452.331
451.787
451.787
451.787
451.894
451.894
451.894
