359.642
464.33
463.319
464.33
464.333
464.344
464.312
464.167
464.127
462.881
464.189
464.187
464.178
464.189
464.174
464.187
464.19
463.406
464.174
464.142
464.196
464.187
464.147
464.34
464.353
464.344
455.746
464.348
367.632
464.192
464.333
464.19
464.178
464.178
464.183
464.158
464.18
464.176
464.181
463.885
464.149
464.086
464.189
464.178
464.178
464.176
464.18
464.31
464.326
464.357
464.308
464.346
464.344
464.324
464.355
464.344
464.346
464.342
459.103
464.317
464.326
464.303
464.35
464.183
464.183
464.2
464.187
464.178
464.172
464.178
464.189
464.176
464.143
464.181
464.176
464.198
464.176
464.153
464.183
464.351
464.342
464.335
464.274
464.326
464.353
464.337
464.348
464.33
464.339
464.348
464.344
464.342
462.235
464.313
464.33
464.183
464.187
464.149
464.169
