385.214
139.505
461.723
461.096
461.888
461.881
461.881
432.24
461.916
452.01
461.909
461.931
461.952
461.966
461.124
461.895
461.909
461.916
461.916
461.845
461.902
461.931
457.154
461.938
461.16
461.923
461.93
461.938
461.945
461.816
461.952
461.895
461.938
461.952
461.138
461.881
461.909
461.916
461.916
461.952
461.931
461.938
461.938
461.145
461.167
461.888
461.916
461.938
461.938
461.909
461.945
461.959
461.938
461.16
461.888
461.923
461.945
461.945
461.966
461.938
461.938
454.987
461.909
461.046
461.895
461.909
461.93
461.931
461.938
461.945
461.938
461.938
461.959
461.181
461.881
410.143
461.809
461.923
461.916
461.909
461.909
461.895
461.916
461.923
356.842
461.852
461.931
461.945
453.701
461.895
461.902
461.931
461.945
461.931
461.938
461.945
461.859
461.973
461.153
