461.118
461.209
460.788
452.542
458.863
461.115
461.183
460.605
461.198
460.912
460.793
461.207
461.145
461.206
461.219
458.966
461.217
461.178
451.715
459.92
461.136
461.171
461.158
460.584
460.87
443.697
460.188
461.17
461.18
461.166
461.169
458.92
443.034
460.779
452.475
460.456
461.154
461.221
461.19
460.509
461.196
460.226
460.682
461.174
461.215
461.151
459.389
460.806
459.969
452.79
461.146
461.208
461.178
461.205
461.219
460.479
461.213
460.087
461.167
461.216
461.182
460.241
459.299
460.803
449.205
441.388
460.441
460.677
461.193
460.312
461.169
459.654
460.606
460.629
461.173
460.432
461.22
459.411
461.189
454.369
460.504
460.644
460.471
461.122
461.212
461.224
461.169
460.631
459.41
461.178
461.128
461.175
461.183
459.35
461.19
460.793
452.005
460.427
461.153
