461.812
458.886
442.435
461.848
460.958
461.266
458.118
459.994
461.865
461.816
461.867
461.866
461.846
461.861
461.923
461.41
461.827
460.416
461.839
461.859
445.179
461.847
461.883
461.87
461.881
460.743
460.621
461.451
461.815
444.987
460.306
461.31
461.915
461.821
461.875
461.881
461.87
461.877
461.4
461.883
461.814
460.94
461.857
461.254
461.876
461.886
461.889
461.881
458.931
461.87
461.893
461.905
459.973
446.873
460.792
460.974
461.864
461.828
444.064
451.593
439.452
461.84
461.822
461.46
460.925
461.066
461.827
461.265
461.872
461.863
461.869
461.874
459.045
429.809
459.97
460.861
447.266
461.821
460.78
461.226
461.83
461.913
461.923
461.849
461.876
461.404
461.879
461.817
459.276
461.831
461.882
461.178
461.86
461.885
461.886
459.056
461.869
461.856
461.847
