461.783
462.171
462.181
462.173
462.409
461.907
453.081
461.856
462.151
461.989
462.369
460.629
461.689
462.07
462.175
462.169
462.187
460.605
462.082
461.727
461.594
462.092
461.997
461.969
462.139
462.17
462.178
462.041
461.952
462.029
462.404
461.53
462.139
462.11
461.904
461.137
462.132
462.15
462.175
462.178
462.169
461.322
462.399
462.224
462.147
462.116
462.032
461.763
462.109
462.393
462.168
462.175
462.191
461.763
462.401
462.368
462.027
462.109
461.498
461.394
461.43
462.398
462.407
462.033
462.176
461.674
462.186
462.408
462.403
461.951
461.94
461.739
461.907
462.348
462.407
462.186
462.177
455.302
461.796
461.028
462.113
462.367
461.535
461.597
461.864
462.049
462.399
462.412
461.936
461.749
462.157
462.169
462.38
462.379
462.036
461.759
461.928
462.154
462.216
