458.289
453.317
460.954
460.813
460.8
460.8
460.809
460.811
460.811
459.765
460.948
460.957
460.971
459.637
460.963
460.929
460.968
459.876
428.306
460.808
460.806
459.641
449.028
460.934
460.943
459.057
460.809
460.82
460.816
459.758
460.813
460.806
460.816
459.77
460.932
460.966
460.963
460.98
460.966
460.968
459.859
459.196
460.802
460.809
460.825
460.8
459.866
453.421
460.795
460.809
459.474
442.054
460.462
223.167
460.792
460.811
460.804
452.358
458.311
460.804
460.966
457.825
460.249
458.686
460.941
459.219
460.986
460.82
460.815
459.864
460.806
450.235
460.784
460.809
460.966
460.955
460.774
460.961
460.964
460.964
459.887
460.806
458.048
460.808
460.811
460.816
459.632
460.804
460.808
460.964
460.031
460.966
460.977
460.964
460.011
460.961
459.907
460.8
459.343
