461.226
461.344
461.306
461.614
461.431
454.279
460.286
461.476
461.53
461.597
461.611
461.603
461.631
461.46
460.257
461.345
461.339
460.795
449.059
461.308
461.304
461.567
461.06
461.593
461.297
461.589
461.63
461.504
461.362
461.449
460.671
461.62
461.26
461.29
461.508
461.612
459.508
461.378
461.308
461.618
461.202
461.489
461.593
455.107
461.275
460.966
461.41
461.496
461.342
461.614
461.605
461.635
461.181
461.365
461.376
461.548
460.445
461.586
461.429
461.579
460.84
460.622
461.625
461.622
460.997
461.44
461.623
461.625
461.349
461.357
461.555
461.629
461.491
461.503
461.554
461.134
461.355
460.607
461.625
461.336
461.41
461.564
461.602
461.279
461.489
461.341
461.626
461.379
461.583
461.552
456.358
461.163
460.97
461.437
461.635
461.344
461.58
461.495
461.195
