253.682
252.679
253.166
252.67
254.485
254.51
461.601
466.38
466.438
463.374
466.438
466.468
463.202
466.468
466.468
463.174
466.409
466.235
466.41
466.439
466.439
466.409
466.41
466.41
466.409
466.409
466.438
466.438
466.438
466.438
466.439
466.468
466.439
466.438
466.439
466.468
466.438
466.468
466.468
466.41
463.26
466.438
466.497
462.973
466.468
466.439
463.116
466.468
466.293
462.973
466.409
466.409
463.145
466.41
466.438
463.403
466.497
466.41
463.231
466.468
466.41
462.944
466.468
466.439
463.288
466.438
466.439
463.231
466.438
466.438
463.26
466.555
466.439
462.772
466.438
466.468
463.231
466.438
466.468
463.403
466.439
466.41
463.202
466.468
466.438
463.202
466.468
466.41
463.576
466.439
466.438
463.403
466.438
466.439
463.403
466.439
466.438
463.231
466.438
