453.486
460.854
461.493
461.95
462.167
462.001
461.864
461.85
462.191
462.184
461.857
462.217
460.384
462.209
461.9
453.288
462.174
460.625
461.576
462.185
462.22
462.212
462.22
460.757
462.2
461.939
461.83
462.216
460.352
461.324
461.456
453.351
462.171
459.668
460.001
460.786
462.178
460.907
446.167
450.071
461.875
462.174
461.775
460.395
462.183
462.185
452.542
462.204
461.024
462.191
461.396
462.22
462.192
462.233
461.331
462.162
461.419
462.209
461.863
460.179
462.175
462.197
453.21
461.154
460.709
462.198
460.976
462.203
461.9
461.247
461.663
462.215
462.184
462.204
460.883
462.205
461.202
447.802
451.044
460.885
462.131
462.222
461.798
461.064
462.209
461.274
462.201
461.895
462.196
462.233
459.796
462.223
454.979
452.652
462.217
460.944
462.176
462.209
461.785
