243.567
246.639
246.834
246.801
246.931
246.866
197.972
246.574
246.283
246.737
246.866
246.931
246.931
246.898
246.834
452.003
451.785
452.112
451.785
411.48
449.514
451.244
451.678
450.161
451.785
451.135
450.81
451.676
451.894
451.894
436.958
451.894
452.003
447.158
451.676
451.894
451.894
452.003
451.896
451.896
451.894
436.957
451.894
451.894
452.003
451.894
451.896
452.003
452.222
451.785
452.003
452.003
438.284
451.894
452.003
452.003
451.785
451.894
451.894
450.161
451.785
452.005
451.896
436.247
451.787
452.003
451.894
451.894
452.003
451.896
452.003
451.894
452.005
452.003
438.694
452.112
451.894
452.003
451.894
452.003
451.894
452.003
452.003
452.005
452.005
332.596
451.678
452.003
451.896
452.003
451.894
451.894
452.222
451.785
451.894
451.894
438.694
451.894
452.005
