458.303
463.426
463.315
462.516
462.178
464.349
461.757
460.978
458.42
461.956
463.815
464.382
462.292
464.384
464.24
463.445
458.632
460.685
463.855
464.38
462.134
464.35
462.483
454.621
458.808
453.193
455.997
426.571
461.476
463.646
464.215
463.592
463.532
463.618
463.769
463.963
460.677
464.341
462.622
455.881
463.818
463.985
463.972
464.03
464.358
464.294
462.121
464.109
464.161
463.959
463.832
462.189
464.198
447.852
454.957
463.908
464.245
463.313
463.677
463.229
464.329
464.333
463.445
464.078
463.963
464.274
463.958
433.402
449.593
464.117
454.682
463.191
464.354
464.291
463.894
464.038
464.377
463.475
464.322
463.598
464.226
464.358
463.784
462.451
463.686
463.469
456.18
464.151
464.08
464.366
463.667
464.35
464.358
462.862
464.14
463.939
463.499
464.319
461.375
