460.283
460.617
456.612
447.411
460.213
457.265
460.62
460.578
460.215
460.651
442.301
459.751
449.357
460.146
459.131
459.776
460.282
460.693
460.611
458.867
460.635
459.743
444.585
460.623
459.248
460.615
454.654
459.484
460.626
460.581
460.562
460.64
460.645
460.001
460.603
460.601
460.642
460.599
455.721
460.607
460.621
460.579
460.645
460.635
460.603
456.943
460.639
460.647
460.602
460.619
447.365
459.593
460.694
460.651
460.568
460.313
460.643
459.85
460.158
460.623
460.6
460.075
459.779
460.621
460.643
460.637
460.591
460.604
460.638
457.044
320.749
458.448
460.657
457.341
461.055
461.062
460.841
460.409
460.789
460.837
450.015
461.06
458.543
460.795
460.845
460.573
460.81
461.068
460.967
460.707
446.038
460.816
451.753
461.045
461.05
457.558
460.591
460.828
460.835
