250.786
251.107
460.893
460.873
460.904
460.719
459.669
460.722
459.653
460.722
459.751
460.717
458.873
460.906
459.892
460.895
460.909
460.909
459.93
460.922
460.906
460.711
459.272
460.72
458.734
460.708
459.699
460.708
460.72
460.695
460.898
460.907
460.904
460.886
460.891
460.85
460.907
460.148
460.724
459.713
460.731
460.537
460.726
459.444
460.726
460.685
460.865
459.414
460.866
460.891
460.898
459.572
460.914
458.986
460.726
459.726
460.72
460.704
460.731
459.816
460.719
460.724
460.795
460.909
460.902
460.904
460.713
460.904
460.895
460.726
460.687
460.694
459.096
460.528
457.691
460.708
459.073
460.886
460.907
460.916
459.928
460.913
460.913
460.822
459.029
460.731
460.706
460.726
459.74
460.731
460.727
459.619
459.715
460.906
460.904
459.096
460.889
460.898
460.882
