250.557
253.706
254.015
253.912
254.015
253.775
253.159
253.808
253.946
253.946
254.015
254.015
253.946
253.912
251.497
253.466
253.466
254.015
252.851
253.535
253.603
253.981
254.015
254.015
253.981
253.981
254.015
253.981
253.946
254.015
254.015
254.015
253.946
254.049
254.015
253.981
253.981
254.015
253.946
243.82
464.876
464.761
464.876
464.99
464.876
464.876
463.385
452.876
464.992
465.337
464.992
464.99
464.99
464.876
464.647
464.876
464.876
464.992
451.025
464.99
464.761
464.761
464.876
464.992
464.992
464.992
464.992
464.992
464.876
464.992
464.763
464.876
464.992
464.761
464.876
464.876
464.875
464.992
464.992
464.992
464.992
464.99
464.992
464.876
450.484
464.876
464.99
464.992
465.106
464.875
464.992
464.875
464.876
464.992
465.107
453.203
464.876
464.99
464.992
