249.648
249.064
246.784
249.991
249.907
249.949
249.924
396.921
458.63
458.651
458.644
458.644
458.651
458.658
458.461
458.454
458.644
457.182
458.566
458.644
458.651
458.644
458.651
458.644
458.658
458.454
458.644
458.644
457.148
458.496
458.623
458.602
458.63
458.651
458.644
458.644
458.433
458.432
457.757
458.003
458.637
458.623
458.602
458.623
458.63
458.58
458.623
458.397
458.623
458.609
450.339
458.595
458.637
458.679
458.651
458.651
458.644
458.644
458.461
457.87
458.482
457.947
458.299
458.623
458.63
458.63
458.644
458.644
458.644
458.411
458.39
458.602
458.031
458.003
458.637
458.665
458.665
458.658
458.658
458.665
457.617
458.461
458.644
457.982
458.594
458.63
458.644
458.651
458.644
458.651
458.644
446.332
458.432
458.644
458.651
457.905
458.503
458.63
458.637
