246.904
248.819
249.433
250.881
145.768
95.9378
249.225
249.259
249.425
33.1909
459.954
460.407
457.058
460.521
460.549
456.974
460.549
460.492
346.174
456.5
460.492
459.501
456.779
460.577
459.502
456.583
460.605
459.53
456.807
460.577
459.53
456.891
460.549
460.577
456.919
460.577
460.577
456.026
460.634
460.577
459.671
460.577
460.577
459.558
456.974
460.662
459.53
457.058
460.577
459.53
457.114
460.577
459.643
457.03
460.577
459.53
457.058
460.577
459.53
456.667
460.549
459.501
457.03
460.577
460.577
457.058
460.606
460.605
452.988
460.577
460.549
459.558
460.577
460.549
459.53
456.891
460.549
459.558
456.918
460.606
459.558
456.891
460.577
459.558
456.863
460.577
459.558
456.388
460.577
459.615
456.918
460.577
459.586
456.751
460.521
460.577
456.918
460.549
460.577
