251.463
250.495
251.041
252.312
251.98
250.948
251.1
231.508
252.031
249.883
250.864
251.109
252.337
252.337
350.474
462.429
462.429
459.445
462.429
462.429
459.417
462.4
462.4
459.445
462.486
462.429
459.473
462.458
462.429
459.219
462.457
462.429
459.473
462.429
462.343
459.304
462.4
462.429
424.613
462.371
462.429
459.445
462.486
462.4
459.558
462.314
462.429
459.587
462.372
462.457
459.445
462.429
462.4
462.429
462.429
462.4
462.429
462.429
462.429
462.429
462.429
462.429
462.429
459.276
462.457
462.457
459.304
462.486
462.457
459.22
462.429
462.457
459.248
462.486
462.457
439.385
462.4
462.4
459.445
462.343
462.457
458.769
462.4
462.457
459.473
462.457
462.458
459.445
462.429
462.429
459.417
462.429
462.429
429.565
462.372
462.4
459.332
462.457
462.429
