252.071
255.641
253.535
255.675
255.78
255.675
255.675
250.657
255.362
255.71
254.566
255.362
255.745
255.675
250.624
255.745
249.358
253.981
254.394
255.71
255.571
254.635
255.05
246.412
255.711
250.691
255.745
255.675
255.676
253.775
255.711
255.676
255.745
255.745
249.823
255.676
275.933
468.006
468.006
468.123
463.499
468.123
468.006
468.122
468.005
468.123
468.122
468.122
468.122
468.122
463.499
468.005
468.006
467.889
467.889
467.888
468.122
468.005
468.122
468.122
463.844
468.123
468.122
468.006
468.006
468.122
447.478
468.006
468.122
468.006
463.957
468.005
468.122
468.006
468.122
468.122
456.511
468.006
468.24
468.239
468.123
468.239
468.123
468.006
468.123
468.122
450.701
464.187
468.123
468.122
468.239
468.006
468.24
468.122
468.239
468.123
468.005
463.957
468.005
