251.953
252.187
461.981
462.031
462.826
462.826
455.647
462.84
462.862
462.869
462.869
462.654
462.848
462.059
462.819
462.891
462.826
462.848
462.869
462.855
462.632
462.84
461.274
462.826
462.905
462.675
462.847
462.855
462.869
462.668
462.855
454.412
462.683
461.823
462.826
462.847
462.84
462.826
462.625
462.833
462.074
462.855
462.891
462.862
462.862
462.891
462.883
462.517
462.862
462.066
462.833
462.855
462.855
438.792
461.83
462.826
462.833
462.625
462.819
336.85
450.251
462.489
462.625
462.826
461.195
462.059
462.84
462.848
462.862
462.869
462.826
462.654
462.848
462.088
461.852
461.873
462.826
462.855
462.833
462.848
462.632
462.84
462.833
462.102
462.84
462.855
462.869
462.876
462.862
462.661
462.682
462.855
462.081
462.812
462.84
462.754
462.088
462.84
462.639
