462.948
462.653
464.102
461.393
464.289
462.246
463.193
462.507
450.631
454.955
464.289
463.377
463.409
463.843
463.589
464.032
464.305
464.288
463.917
463.424
463.899
440.417
464.386
464.292
463.978
463.896
375.783
463.905
464.055
462.253
463.868
450.055
464.024
464.074
463.907
463.921
463.007
464.326
464.069
464.067
464.075
463.932
463.927
461.979
464.04
462.995
464.097
464.014
463.833
463.634
461.083
464.056
463.709
461.742
463.9
450.813
463.894
464.114
464.08
463.95
463.467
463.645
462.406
463.846
464.072
464.104
463.638
463.469
464.285
451.107
444.351
457.226
463.032
463.419
461.4
464.306
462.84
463.761
462.066
450.578
464.335
464.335
464.053
464.02
461.996
462.922
463.967
464.296
463.566
463.969
463.048
462.971
439.992
464.342
463.179
463.962
463.462
462.042
460.996
