427.214
457.556
460.694
457.055
460.658
460.697
460.694
459.184
460.695
460.884
460.891
459.884
460.897
460.852
460.882
460.872
460.873
460.872
459.618
460.704
460.688
460.694
460.637
460.678
457.426
460.687
460.694
460.886
459.809
460.881
460.881
460.881
459.949
460.879
459.545
460.879
459.612
460.692
460.699
460.662
456.983
460.692
460.694
460.697
459.738
459.143
460.866
460.857
460.877
460.865
460.873
460.863
459.127
460.678
460.669
460.692
460.69
459.703
460.69
459.644
460.669
459.687
460.692
459.605
460.881
459.875
460.879
460.875
460.879
459.887
460.873
460.856
460.649
459.322
460.69
458.953
460.687
459.655
460.701
458.954
460.879
460.845
460.863
460.708
460.881
460.886
459.087
460.868
460.706
460.697
459.161
460.699
452.257
460.69
459.607
460.687
460.893
460.845
459.483
